%YAML:1.0

# Initial extrinsic (usually provided by hand measurement or cad design)

ExtrinsicMat: !!opencv-matrix
  rows: 4
  cols: 4
  dt: d
  data: [0.01285381,-0.9999103, -0.00375912, 0.00470379, 
          -0.00171844, 0.00373733,-0.99999154,0.04719102, 
          0.9999159, 0.01286116, -0.00167,0.02269848, 
          0.0, 0.0, 0.0, 1.0]

# [0.0,-1, -0.0, 0.0, 
#           -0.0, 0.0,-1,0.0, 
#           1, 0.0, -0.0,0.0, 
#           0.0, 0.0, 0.0, 1.0]

# gt: [0.01285381,-0.9999103, -0.00375912, 0.00470379, 
#           -0.00171844, 0.00373733,-0.99999154,0.04719102, 
#           0.9999159, 0.01286116, -0.00167,0.02269848, 
#           0.0, 0.0, 0.0, 1.0]

#[-0.0294907,-0.999543,0.00669974,0.147251, 
#          0.0141247,-0.0071187,-0.999875,-0.065062, 
#          0.999465,-0.0293924,0.0143281,-0.0448837, 
#           0.0, 0.0, 0.0, 1.0]

# before = [-0.0468903, -0.998525,  0.0273622,  0.11100494, 0.0452459, -0.0294874, -0.998541, -0.06323604, 0.997875, -0.0455838, 0.0465618,  0.11941103,  0.0, 0.0, 0.0, 1.0]

# optimize result = [-0.0294907,-0.999543,0.00669974,0.147251, 0.0141247,-0.0071187,-0.999875,-0.065062, 0.999465,-0.0293924,0.0143281,-0.0448837, 0.0, 0.0, 0.0, 1.0] 
# result data:
# -0.0294907,-0.999543,0.00669974,0.147251
# 0.0141247,-0.0071187,-0.999875,-0.065062
# 0.999465,-0.0293924,0.0143281,-0.0448837


