%YAML:1.0

#--------------------------------------------------------------------------------------------
# Camera Parameters. Adjust them!
#--------------------------------------------------------------------------------------------
CameraMat: !!opencv-matrix
  rows: 3
  cols: 3
  dt: d
  data:  [1.927941866078295e+03, 0., 9.595316580313911e+02,
           0.,  1.929172443177110e+03, 5.144334699977888e+02, 
           0.,  0.,                    1.]
#  data: [1364.45, 0.0,      958.327,
#         0.0,     1366.46,  535.074,
#         0.0,     0.0,      1.0     ]

DistCoeffs: !!opencv-matrix
  rows: 5
  cols: 1
  dt: d
  data: [-0.2272996302077433, 0.244566784018986, 4.524726839204985e-05, -0.0008645881261561915,  -0.]
# data: [0.0958277, -0.198233, -0.000147133, -0.000430056, 0.000000]

Camera.width: 1920
Camera.height: 1080
